Manholes 42
ID X Y Z Inflow
72 7625 375 2.610126498 0.00197
112 7375 625 2.38188267 0.00101
113 7625 625 4.683550883 0.150456826
114 7875 625 4.944577086 0.022834136
115 8125 625 2.58070659 0.882104775
116 8375 625 2.498053858 0.03648318
152 7125 875 3.062171114 0.00159
153 7375 875 3.370356925 0.114828881
154 7625 875 3.648570963 0.219424181
155 7875 875 2.593337616 0.041884785
156 8125 875 1.854032317 0.196463377
157 8375 875 2.146845877 0.013953574
193 7125 1125 2.208561622 0.00436
194 7375 1125 1.597189714 0.049160246
195 7625 1125 1.639412806 0.506659459
196 7875 1125 1.390661315 0.129799649
197 8125 1125 1.845492766 0.072997035
198 8375 1125 3.954135883 0.087830677
233 6875 1375 2.016559066 0.00004
234 7125 1375 1.694409323 0.09334572
235 7375 1375 1.182201715 0.129054167
236 7625 1375 1.471335621 0.147955784
237 7875 1375 1.979408011 0.144116701
238 8125 1375 2.869492163 0.115232109
239 8375 1375 5.42360249 0.019718258
275 7125 1625 1.972391728 0.08940336
276 7375 1625 1.916948675 0.159082512
277 7625 1625 2.813108994 0.144195217
278 7875 1625 4.197765221 0.071732441
279 8125 1625 5.634244235 0.075034894
280 8375 1625 8.079332778 0.013637485
282 8875 1625 13.48134517 0.672632152
317 7375 1875 2.601130536 0.150897743
318 7625 1875 5.297616115 0.115232109
319 7875 1875 5.947924094 0.079296892
320 8125 1875 9.029207378 0.131111708
321 8375 1875 9.10572391 0.029595167
323 8875 1875 11.78515051 0.071609679
356 6875 2125 1.538652757 0.00283
359 7625 2125 7.95619281 0.064362116
360 7875 2125 10.81530704 0.120244361
361 8125 2125 8.933996262 -5.174171356
Sections 41
v1 v2 slope intercept
323 196 1.39066131519999 0.00831559135744
196 235 1.39066131519999 0.000372903886675
112 196 1.39066131519999 0.001401798623697
235 356 1.5386527568 0.000395446926091
72 112 2.6101264976 0.000645571031908
113 112 4.68355088319999 0.0092066728512
114 156 4.9445770864 0.008741380656579
115 156 2.5807065904 0.0029066970944
116 156 2.4980538576 0.00182156799492
152 194 3.0621711136 0.004143593129009
153 194 3.3703569248 0.0070926688448
154 196 3.64857096319999 0.006386332893629
155 196 2.593337616 0.0048107052032
156 196 1.8540323168 0.001310611109746
157 197 2.1468458768 0.000852355311582
193 235 2.2085616224 0.002902984201276
194 235 1.5971897136 0.0016599519936
195 235 1.6394128064 0.001293188252085
197 196 1.84549276639999 0.0018193258048
198 197 3.95413588319999 0.0084345724672
233 234 2.0165590656 0.0012885989696
234 235 1.6944093232 0.002048830432
236 235 1.47133562079999 0.0011565356224
237 196 1.9794080112 0.002354986784
238 196 2.86949216319999 0.004182765283395
239 197 5.4236024896 0.010120422596417
275 235 1.97239172799999 0.002234994865907
276 235 1.9169486752 0.00293898784
277 235 2.8131089936 0.004612902384173
278 236 4.19776522079999 0.007711507434351
279 237 5.6342442352 0.010337437912467
280 238 8.07933277759999 0.014735654509373
282 323 13.481345168 0.006784778624
317 276 2.60113053599999 0.0027367274432
318 276 5.29761611519999 0.009561971487042
319 277 5.9479240944 0.008866596062167
320 278 9.0292073776 0.013665382047935
321 279 9.1057239104 0.009818827276341
359 317 7.95619280959999 0.015146403389355
360 318 10.8153070383999 0.015606386673145
361 319 8.9339962624 0.008445887516421