Manholes 108
ID  X Y Z INFLOW
1 2145.39 7352.39 2561.93 0.012
2 1982.51 7441.01 2558.9 0.022
3 1784.49 7532.93 2557.41 0.022
4 1632.28 7617.99 2557.42 0.021
5 1452.89 7704.76 2555.87 0.016
6 1317.86 7779.49 2554.95 0.012
7 2233.12 7204.6 2568.56 0.011
8 2097.16 7271.09 2563.11 0.015
9 1932.99 7372.47 2557.93 0.013
10 1835.94 7416.57 2557.33 0.013
11 1747.32 7462.52 2556.9 0.018
12 1650.5 7499.21 2556.72 0.014
13 1588 7531.5 2556.62 0.017
14 1524.17 7564.57 2555.87 0.013
15 1460.84 7597.47 2555.78 0.013
16 1397.46 7630.55 2555.37 0.013
17 1333.26 7661.29 2554.93 0.009
18 1202.87 7770.98 2553.85 0.009
19 2204.2 7149.6 2570.03 0.011
20 2065.54 7218.98 2564.85 0.02
21 1996.74 7259.19 2559.69 0.01
22 1880.41 7313.67 2558.7 0.019
23 1803.79 7353.82 2557.34 0.013
24 1715.03 7400.08 2557 0.013
25 1144.17 7710.55 2554.38 0.009
26 2157.49 7087.17 2573 0.012
27 2093.6 7119.76 2568.05 0.016
28 2029.41 7153.1 2565.71 0.02
29 1963.14 7187.67 2562.88 0.013
30 1905.84 7224.42 2560.93 0.004
31 1831.54 7256.25 2559.41 0.021
32 1765.15 7289.85 2557.9 0.013
33 1681.29 7333.85 2557.16 0.013
34 1600.04 7388.1 2557.14 0.009
35 1544.46 7448.03 2556.11 0.014
36 1481.47 7481.98 2555.69 0.014
37 1419.46 7517.89 2555.84 0.009
38 1356.12 7550.7 2555.25 0.009
39 1279.69 7558.36 2554.69 0.013
40 1197.64 7600.63 2554.59 0.012
41 1114.68 7643.68 2554.29 0.013
42 1917.32 7098.98 2564.33 0.009
43 1735.7 7224.2 2558.97 0.013
44 1645.68 7265.07 2557.4 0.013
45 1548.16 7315.99 2556.96 0.013
46 1491.4 7345.58 2556.45 0.018
47 1427.55 7377.92 2555.93 0.018
48 1364.27 7411.31 2555.47 0.018
49 1300.92 7444.2 2554.96 0.018
50 1237.38 7477.06 2554.76 0.017
51 1155.71 7519.68 2554.23 0.017
52 1072.14 7561.27 2553.85 0.02
53 1004.44 7596.19 2553.74 0.008
54 2090.9 6933.35 2575.89 0.012
55 2013.31 6965.14 2569.71 0.012
56 1954.28 7002.5 2566.98 0.016
57 1882.86 7032.93 2565.49 0.017
58 1826.73 7074.1 2564.63 0.008
59 1746.82 7099.01 2562.24 0.016
60 1686.22 7129.44 2560.5 0.018
61 1599.01 7175.99 2558.14 0.013
62 1508.1 7223.4 2557.7 0.013
63 1456.74 7260.95 2557.01 0.013
64 1381.43 7289.2 2556.29 0.013
65 1318.17 7322.35 2555.57 0.013
66 1254.73 7355.18 2555.04 0.013
67 1191.38 7388.1 2554.88 0.013
68 1109.34 7429.94 2554.65 0.009
69 962.53 7514.74 2553.56 0.008
70 2056.96 6866.81 2576.09 0.009
71 2002.76 6889.27 2570.15 0.017
72 1920.35 6933.78 2567.7 0.013
73 1832.9 6975.88 2565.94 0.018
74 1728.08 7031.72 2563.69 0.009
75 1649.08 7068.52 2561.04 0.016
76 1559.39 7112.63 2559.04 0.017
77 1471.37 7158.01 2557.99 0.017
78 1393.92 7198.28 2557.27 0.008
79 1305.24 7244.35 2555.82 0.013
80 1230.89 7282.92 2555.43 0.009
81 1155.26 7322.23 2555.31 0.017
82 1076.77 7368.03 2554.96 0.016
83 992.3 7407.29 2554.09 0.02
84 913.3 7446.36 2554.13 0.013
85 826.81 7493.27 2553.36 0.009
86 1958.45 6815.65 2573.03 0.017
87 1785.75 6898.33 2566.15 0.026
88 1604.82 6992.61 2561.96 0.017
89 1530.58 7035.67 2559.86 0.009
90 1434.47 7086.98 2558.71 0.017
91 1268.27 7173.47 2556.42 0.025
92 1116 7247.09 2555.27 0.016
93 1035.11 7288.28 2554.51 0.008
94 955.69 7336.9 2553.91 0.017
95 788.2 7419.13 2553.05 0.017
96 1910.25 6726.98 2575.18 0.013
97 1744.42 6812.62 2569.26 0.021
98 1569.16 6903.75 2564.49 0.018
99 1475.04 6952.68 2560.78 0.013
100 1391.34 6997.48 2560 0.013
101 1302.31 7041.85 2558 0.008
102 1224.8 7082.59 2555.33 0.016
103 1071.64 7162.13 2554.81 0.016
104 981.54 7207.82 2554.23 0.013
105 901.3 7249.35 2552.05 0.013
106 831.25 7286.18 2551.71 0.009
107 741.36 7334.18 2551.63 0.013
108 667.44 7367.24 2551.46 0.017
109 584.86 7408.61 2551.85 -1.525
Sections 160
v1 v2 slope intercept
1 2 0.0163384273869953 1
1 8 -0.012481905698514 1
2 9 0.0114707362443725 1
3 2 -0.00682485826194005 1
4 3 5.73510209033373E-05 1
4 13 0.00823305057430826 1
5 4 -0.00777803124914285 1
5 6 0.0059611553423953 1
6 18 0.00953952585150165 1
7 8 0.0359865393032961 1
8 20 -0.0285349289510379 1
9 10 0.00562844043259498 1
9 22 -0.00976116528282411 1
10 11 0.00430752496997626 1
11 3 -0.00640537893977691 1
11 12 0.00173847727238287 1
12 13 0.00142149547298775 1
13 35 0.00541719043190105 1
14 13 -0.0104323185344226 1
14 36 0.00193599535781773 1
15 14 -0.00126110459848468 1
16 15 -0.00573469824369117 1
16 17 0.0061813964907876 1
16 38 0.00133456693622485 1
17 39 0.00206832100426691 1
18 25 -0.00629093710088392 1
19 7 0.0236496839930533 1
19 20 0.033390172974596 1
20 21 0.0646166692546268 1
21 22 0.00770673801325696 1
22 23 0.0157201835850132 1
23 10 0.000141830630294838 1
23 24 0.00339686939315379 1
24 33 -0.00215258681750962 1
24 11 0.0014225733095977 1
25 41 0.00123146037681647 1
26 54 -0.0172393214372872 1
27 26 -0.0688527268312945 1
27 28 0.0323339313589627 1
28 29 0.03783501342266 1
28 20 0.0114450271303928 1
29 30 0.0286342223109703 1
30 31 0.0188013593693914 1
31 22 0.00941588467780249 1
32 33 0.00781373296289488 1
32 31 -0.0202892631509058 1
33 44 -0.00309869188732851 1
34 12 0.00344171892462305 1
34 45 0.00202625899731677 1
35 46 -0.00294690216151904 1
35 36 0.0058693809671558 1
36 47 -0.00204777653097393 1
37 15 0.00066892980959288 1
38 49 0.00241755880134723 1
39 50 -0.000763770299031918 1
39 40 0.00108344425940071 1
40 41 0.00320974886798677 1
40 51 0.00394886018870364 1
41 52 0.00474429633432519 1
42 29 0.0145236266465283 1
42 57 -0.0155688012962959 1
43 32 0.0148691876693235 1
43 60 -0.0143109019653244 1
44 61 -0.00735821984365263 1
44 43 -0.0158785074864712 1
45 46 0.00796726619594175 1
45 62 -0.00733491295557164 1
46 47 0.00726511512910224 1
47 48 0.00642903315677407 1
48 37 -0.00308275864508805 1
48 49 0.00714476714576834 1
49 50 0.00279586289789323 1
50 67 -0.00119821025197366 1
50 51 0.00575314830371957 1
51 52 0.00407079628152481 1
52 83 -0.0013836973715694 1
53 52 -0.00144403363140814 1
53 69 0.00196506280889216 1
54 70 -0.00267750928023695 1
55 27 0.00952755879993368 1
56 57 0.0191894645090467 1
56 28 0.00754583562976949 1
57 58 0.0123536120310168 1
58 30 0.0217766959733344 1
58 59 0.02854185953586 1
59 31 0.0158424987154313 1
60 59 -0.0256510739064685 1
61 60 -0.0238663353366696 1
62 63 0.0108445424692304 1
63 46 0.00612328525007208 1
63 64 0.00895105891607914 1
64 47 0.00360028400160478 1
64 65 0.0100807630115833 1
65 66 0.00741950370225666 1
65 48 0.000998050634891596 1
66 49 0.000797686756129311 1
66 67 0.00224111298672178 1
67 81 -0.00572382888224712 1
68 51 0.00415788174235962 1
68 82 -0.00443139888481376 1
69 84 -0.0067647782668948 1
70 71 0.10073042556002 1
71 55 0.00574403085875294 1
71 86 -0.0334983948029964 1
71 72 0.0261489752197435 1
72 73 0.0181308364149247 1
72 56 0.00939416251704859 1
73 57 0.00593395647683491 1
73 74 0.0189414336826367 1
73 87 -0.00231382390649081 1
74 75 0.0303930611073387 1
75 88 -0.0104693446071852 1
75 60 0.00756825446795257 1
76 61 0.012042848140983 1
76 75 -0.0200060145119892 1
77 62 0.00386665666492724 1
77 76 -0.0106022928154594 1
77 78 0.00824774528996268 1
77 90 -0.00899480889316217 1
78 79 0.0145082068572444 1
79 91 -0.00750521130541823 1
79 80 0.00465616646471516 1
80 81 0.00140785470155384 1
81 82 0.00385140302396031 1
82 83 0.00933957925186647 1
83 94 0.00226867348648223 1
84 85 0.00782556651159424 1
84 83 0.000453858315477102 1
85 95 0.00370850335640104 1
86 87 0.0359090972540564 1
87 88 0.0205328175941913 1
88 98 -0.02641422858442 1
89 76 0.00997811333426078 1
89 99 -0.00921250150960811 1
90 91 0.0122216874881756 1
90 100 -0.0129832881345981 1
91 92 0.00679921539280282 1
91 102 0.0108191565282092 1
92 81 -0.000471818565982434 1
92 103 0.00479942649245737 1
93 82 -0.00500129043766654 1
93 104 0.00289667720188997 1
94 95 0.00460906335689623 1
95 107 0.0146364497469023 1
96 86 0.0212983734057725 1
97 87 0.0326662559172447 1
97 96 -0.031703187290343 1
97 98 0.0241403755594104 1
98 99 0.0349526186821935 1
99 100 0.00821583605339526 1
100 101 0.0201017331919351 1
101 102 0.0304776318934118 1
102 103 0.00301304422813982 1
103 104 0.00574118921696817 1
104 105 0.0241212569173277 1
105 106 0.00429603739831717 1
105 94 -0.0180431780696312 1
106 107 0.000785060412405834 1
107 108 0.00209938005710563 1
108 109 -0.00422243003679217 1
