Manholes 57
1 2.0 1.0 2.5 0
2 4.0 1.0 2.6 0
3 5.7 1.0 2.7 0
4 7.0 1.0 2.8 0
5 2.5 2.0 2.6 0
6 5.0 2.0 2.6 0
7 1.0 3.0 2.3 0
8 2.0 3.0 2.5 0
9 3.0 3.0 2.9 0
10 4.0 3.0 2.85 0
11 5.0 3.0 2.8 0
12 6.0 3.0 2.8 0
13 1.0 4.0 2.2 0
14 2.0 4.0 2.4 0
15 3.0 4.0 2.5 0
16 4.0 4.0 2.6 0
17 5.0 4.0 2.6 0
18 1.0 5.0 2.2 0
19 2.0 5.0 2.4 0
20 3.0 5.0 2.5 0
21 4.0 5.0 2.45 0
22 5.0 5.0 2.4 0
23 6.0 5.0 2.35 0
24 7.0 5.0 2.3 0
25 1.0 6.0 2.1 0
26 2.0 6.0 2.4 0
27 3.0 6.0 2.4 0
28 4.0 6.0 2.25 0
29 5.0 6.0 2.2 0
30 1.0 7.0 2.1 0
31 2.0 7.0 2.0 0
32 3.0 7.0 2.0 0
33 4.0 7.0 1.95 0
34 5.0 7.0 2.0 0
35 6.0 7.0 1.95 0
36 7.0 7.0 1.9 0
37 5.0 8.0 2.05 0
38 1.0 9.0 2.2 0
39 2.0 9.0 2.1 0
40 3.0 9.0 2.0 0
41 4.0 9.0 2.1 0
42 5.0 9.0 2.1 0
43 6.0 9.0 2.0 0
44 7.0 9.0 2.0 0
45 2.0 10.0 2.2 0
46 3.0 10.0 2.1 0
47 4.0 10.0 2.2 0
48 5.0 10.0 2.1 0
49 6.0 10.0 2.1 0
50 7.0 10.0 2.1 0
51 3.0 11.0 2.2 0
52 4.0 11.0 2.2 0
53 5.0 11.0 2.2 0
54 6.0 11.0 2.25 0
55 7.0 11.0 2.7 0
56 7.0 12.0 2.2 0
57 7.0 13.0 2.2 1
Sections 78
4 3 1 0.003
1 2 1 0.0012499999794817682
2 55 2 0.015249999979481768
1 7 1 0.003750000020518232
18 19 2 0.0242499999718275
5 8 2 0.024750000010186325
6 11 2 0.009999999969295445
7 8 2 0.014500000007072234
8 9 2 0.05124999999825372
9 15 2 0.10349999994473175
11 10 2 0.03549999996929545
10 55 1 0.0025000000000000005
3 2 2 0.008
17 11 1 0.004500000000000001
12 11 1 0.004
13 7 1 0.001749999986554002
13 18 1 0.005250000013445998
14 8 1 0.001999999980995166
14 19 1 0.006000000019004834
15 20 2 0.10549999994473175
16 10 2 0.0062499999771825805
19 20 2 0.039249999969106324
17 22 1 0.0014999999999999987
25 18 2 0.010999999958381503
10 9 2 0.049249999946478024
26 19 2 0.0029999999782739867
20 27 2 0.1589999999138381
21 20 1 0.003250000000000015
21 28 1 0.0032499999999999994
22 23 2 0.018249999999999995
21 16 1 0.0032499999999999994
23 35 2 0.03899999999999999
21 22 1 0.0032499999999999994
33 32 2 0.08324999998444398
30 25 2 0.004999999932901076
49 50 1 0.0
27 32 2 0.1679999999138381
28 33 2 0.007249999984443986
29 34 1 0.0045000000000000005
29 22 1 0.0014999999999999996
31 30 1 0.001
31 32 1 0.0010000000000000046
31 39 1 0.001
31 26 1 0.001
32 40 2 0.2602500001237351
37 34 1 0.003
34 33 2 0.06999999999999999
48 42 2 0.009750000023064814
35 34 2 0.05249999999999999
43 35 1 0.0007499999999999998
36 35 1 0.002749999999999999
36 44 1 0.005500000000000001
45 38 2 0.007999999928870237
39 40 2 0.018749999748251863
38 39 2 0.010999999889463652
40 41 2 0.284999999871987
41 42 2 0.29274999987198697
44 43 2 0.005500000000000001
42 43 2 0.3124999998950518
43 49 2 0.32024999989505176
24 23 2 0.009749999999999998
36 24 1 0.002749999999999999
51 45 2 0.0029999999715073487
47 48 1 0.001750000000000008
47 52 1 0.0017499999999999998
47 46 1 0.0017499999999999998
47 41 1 0.0017499999999999998
49 54 2 0.32024999989505176
46 39 2 0.004749999977371757
44 50 1 0.005
52 51 1 0.0
52 53 2 0.0017500001049484135
53 54 2 0.0017500001049484135
54 56 2 0.3220000000000002
55 6 2 0.0
55 5 1 0.017750000010186326
50 56 2 0.005
56 57 2 0.3400000000000002
