Manholes 57
1 2.0 1.0 2.5 0
2 4.0 1.0 2.6 0
3 5.7 1.0 2.7 0
4 7.0 1.0 2.8 0
5 2.5 2.0 2.6 0
6 5.0 2.0 2.6 0
7 1.0 3.0 2.3 0
8 2.0 3.0 2.5 0
9 3.0 3.0 2.9 0
10 4.0 3.0 2.85 0
11 5.0 3.0 2.8 0
12 6.0 3.0 2.8 0
13 1.0 4.0 2.2 0
14 2.0 4.0 2.4 0
15 3.0 4.0 2.5 0
16 4.0 4.0 2.6 0
17 5.0 4.0 2.6 0
18 1.0 5.0 2.2 0
19 2.0 5.0 2.4 0
20 3.0 5.0 2.5 0
21 4.0 5.0 2.45 0
22 5.0 5.0 2.4 0
23 6.0 5.0 2.35 0
24 7.0 5.0 2.3 0
25 1.0 6.0 2.1 0
26 2.0 6.0 2.4 0
27 3.0 6.0 2.4 0
28 4.0 6.0 2.25 0
29 5.0 6.0 2.2 0
30 1.0 7.0 2.1 0
31 2.0 7.0 2.0 0
32 3.0 7.0 2.0 0
33 4.0 7.0 1.95 0
34 5.0 7.0 2.0 0
35 6.0 7.0 1.95 0
36 7.0 7.0 1.9 0
37 5.0 8.0 2.05 0
38 1.0 9.0 2.2 0
39 2.0 9.0 2.1 0
40 3.0 9.0 2.0 0
41 4.0 9.0 2.1 0
42 5.0 9.0 2.1 0
43 6.0 9.0 2.0 0
44 7.0 9.0 2.0 0
45 2.0 10.0 2.2 0
46 3.0 10.0 2.1 0
47 4.0 10.0 2.2 0
48 5.0 10.0 2.1 0
49 6.0 10.0 2.1 0
50 7.0 10.0 2.1 0
51 3.0 11.0 2.2 0
52 4.0 11.0 2.2 0
53 5.0 11.0 2.2 0
54 6.0 11.0 2.25 0
55 7.0 11.0 2.7 0
56 7.0 12.0 2.2 0
57 7.0 13.0 2.2 1
Sections 78
4 3 1 0.003
1 2 2 0.06250000012047532
2 55 2 0.07650000012047532
7 1 2 0.05750000012047532
19 18 2 0.0035
5 8 1 0.0017499999999999998
6 11 1 0.0075
8 7 2 0.00775
8 9 1 0.01
15 9 2 0.09199999987952479
10 11 2 0.20150000000000012
55 10 2 0.08425000012047533
3 2 2 0.008
11 17 2 0.23000000000000012
12 11 1 0.004
13 7 2 0.04075000012047532
18 13 2 0.03375000012047532
14 8 1 0.006
14 19 1 0.002
20 15 2 0.09000000000000001
16 10 1 0.0022500000000000003
19 20 1 0.006
17 22 2 0.23600000000000013
25 18 2 0.022250000120475316
9 10 2 0.10499999987952478
26 19 1 0.0015
27 20 2 0.05374999999484862
21 20 2 0.019250000005151383
28 21 1 0.00250000000515138
22 23 2 0.24950000000849845
16 21 1 0.00075
23 35 2 0.26575000000849847
22 21 1 0.002999999999999999
33 32 2 0.0014999999948486203
30 25 2 0.016250000120475318
49 50 2 0.0
32 27 2 0.04474999999484862
28 33 1 0.0014999999948486203
29 34 1 0.0014999999915016812
29 22 1 0.004500000008498319
31 30 2 0.012250000120475316
31 32 1 0.003999999999999998
39 31 2 0.011750000120475316
26 31 1 0.0005
40 32 2 0.03125
37 34 1 0.003
33 34 1 0.006
48 42 2 0.018750000000000003
34 35 2 0.020499999991501684
35 43 2 0.3102500000000002
36 35 2 0.014
44 36 1 0.0012500000000000002
45 38 2 0.008000000083484343
39 40 1 0.001999999999999999
38 39 2 0.011000000120475315
41 40 2 0.023250000000000003
42 41 2 0.018750000000000003
44 43 1 0.0012500000000000002
42 43 1 0.01
43 49 2 0.3245000000000002
24 23 1 0.00525
24 36 1 0.0017499999999999998
51 45 2 0.0030000000479049067
47 48 2 0.010750000000000001
52 47 2 0.0
46 47 1 0.0022500000000000003
41 47 1 0.0014999999999999996
49 54 1 0.3245000000000002
46 39 1 0.00075
44 50 1 0.0024999999999999996
52 51 1 0.0
53 52 1 0.0
53 54 1 0.0
54 56 2 0.3245000000000002
6 55 1 0.0025000000000000005
5 55 1 0.00525
50 56 2 0.0024999999999999996
56 57 2 0.3400000000000002
