Manholes 57
1 2.0 1.0 2.5 0
2 4.0 1.0 2.6 0
3 5.7 1.0 2.7 0
4 7.0 1.0 2.8 0
5 2.5 2.0 2.6 0
6 5.0 2.0 2.6 0
7 1.0 3.0 2.3 0
8 2.0 3.0 2.5 0
9 3.0 3.0 2.9 0
10 4.0 3.0 2.85 0
11 5.0 3.0 2.8 0
12 6.0 3.0 2.8 0
13 1.0 4.0 2.2 0
14 2.0 4.0 2.4 0
15 3.0 4.0 2.5 0
16 4.0 4.0 2.6 0
17 5.0 4.0 2.6 0
18 1.0 5.0 2.2 0
19 2.0 5.0 2.4 0
20 3.0 5.0 2.5 0
21 4.0 5.0 2.45 0
22 5.0 5.0 2.4 0
23 6.0 5.0 2.35 0
24 7.0 5.0 2.3 0
25 1.0 6.0 2.1 0
26 2.0 6.0 2.4 0
27 3.0 6.0 2.4 0
28 4.0 6.0 2.25 0
29 5.0 6.0 2.2 0
30 1.0 7.0 2.1 0
31 2.0 7.0 2.0 0
32 3.0 7.0 2.0 0
33 4.0 7.0 1.95 0
34 5.0 7.0 2.0 0
35 6.0 7.0 1.95 0
36 7.0 7.0 1.9 0
37 5.0 8.0 2.05 0
38 1.0 9.0 2.2 0
39 2.0 9.0 2.1 0
40 3.0 9.0 2.0 0
41 4.0 9.0 2.1 0
42 5.0 9.0 2.1 0
43 6.0 9.0 2.0 0
44 7.0 9.0 2.0 0
45 2.0 10.0 2.2 0
46 3.0 10.0 2.1 0
47 4.0 10.0 2.2 0
48 5.0 10.0 2.1 0
49 6.0 10.0 2.1 0
50 7.0 10.0 2.1 0
51 3.0 11.0 2.2 0
52 4.0 11.0 2.2 0
53 5.0 11.0 2.2 0
54 6.0 11.0 2.25 0
55 7.0 11.0 2.7 0
56 7.0 12.0 2.2 0
57 7.0 13.0 2.2 1
Sections 78
4 3 1 0.003
9 15 2 0.06575001444027434
3 2 2 0.008
11 17 2 0.03099998174993837
12 11 1 0.004
13 7 1 0.0049999974037241235
13 18 1 0.001749999956249538
15 20 2 0.0677500144435763
19 20 2 0.022500001896159777
17 22 2 0.03699998174993837
26 19 1 0.00049999989999998
20 27 2 0.11425001633973607
21 20 1 0.013
28 21 1 0.001
22 23 2 0.0567499818709367
23 35 2 0.0774999818624384
21 22 2 0.003250000112500016
33 32 2 0.013500000000000002
49 50 1 0.0
27 32 2 0.12325001633973606
28 33 1 0.003000000000000002
29 34 1 0.0015
29 22 1 0.004500000008498319
31 32 1 0.00399999969999989
32 40 2 0.14875001603973595
37 34 1 0.003
34 33 2 0.0045000000000000005
34 35 1 0.01
35 43 2 0.10699998186243839
36 35 1 0.009499999999999998
44 36 2 0.00125
39 40 1 0.002
40 41 2 0.15675001603973596
42 41 2 0.12574998096023762
44 43 1 0.00375
43 42 2 0.11374998186023835
43 49 1 0.0007499999437500043
24 23 2 0.00975
36 24 2 0.00275
41 47 2 0.2884999969999736
49 54 2 0.0
52 53 2 0.3270000000000002
53 54 2 0.3270000000000002
54 56 2 0.3270000000000002
56 57 2 0.3400000000000002
