Manholes 52
1 2145.39 7352.39 2561.93 0
2 1982.51 7441.01 2558.9 0
3 1784.49 7532.93 2557.41 0
4 1632.28 7617.99 2557.42 0
5 1452.89 7704.76 2555.87 0
6 1317.86 7779.49 2554.95 0
7 2233.12 7204.6 2568.56 0
8 2097.16 7271.09 2563.11 0
9 1932.99 7372.47 2557.93 0
10 1835.94 7416.57 2557.33 0
11 1747.32 7462.52 2556.9 0
12 1650.5 7499.21 2556.72 0
13 1588 7531.5 2556.62 0
14 1524.17 7564.57 2555.87 0
15 1460.84 7597.47 2555.78 0
16 1397.46 7630.55 2555.37 0
17 1333.26 7661.29 2554.93 0
18 1202.87 7770.98 2553.85 0
19 2204.2 7149.6 2570.03 0
20 2065.54 7218.98 2564.85 0
21 1996.74 7259.19 2559.69 0
22 1880.41 7313.67 2558.7 0
23 1803.79 7353.82 2557.34 0
24 1715.03 7400.08 2557 0
25 1144.17 7710.55 2554.38 0
26 2157.49 7087.17 2573 0
27 2093.6 7119.76 2568.05 0
28 2029.41 7153.1 2565.71 0
29 1963.14 7187.67 2562.88 0
30 1905.84 7224.42 2560.93 0
31 1831.54 7256.25 2559.41 0
32 1765.15 7289.85 2557.9 0
33 1681.29 7333.85 2557.16 0
34 1600.04 7388.1 2557.14 0
35 1544.46 7448.03 2556.11 0
36 1481.47 7481.98 2555.69 0
37 1419.46 7517.89 2555.84 0
38 1356.12 7550.7 2555.25 0
39 1279.69 7558.36 2554.69 0
40 1197.64 7600.63 2554.59 0
41 1114.68 7643.68 2554.29 0
42 1917.32 7098.98 2564.33 0
43 1735.7 7224.2 2558.97 0
44 1645.68 7265.07 2557.4 0
45 1548.16 7315.99 2556.96 0
46 1491.4 7345.58 2556.45 0
47 1427.55 7377.92 2555.93 0
48 1364.27 7411.31 2555.47 0
49 1300.92 7444.2 2554.96 0
50 1237.38 7477.06 2554.76 0
51 1155.71 7519.68 2554.23 0
52 1072.14 7561.27 2553.85 1
Sections 69
1 2 1 0.0031	
1 8 1 0.0093	
2 9 2 0.0566	
3 2 2 0.0313	
4 3 1 0.0052	
4 13 2 0.0196	
5 4 1 0.0039	
5 6 1 0.0117	
6 18 2 0.0237	
7 8 2 0.0138	
8 20 2 0.0383	
9 10 1 0.0033	
9 22 2 0.0666	
10 11 2 0.02	
11 3 1 0.0044	
11 12 2 0.5744	
12 13 2 0.5957	
13 35 2 0.6355	
14 13 1 0.0032	
14 36 2 0.0392	
15 14 2 0.0296	
16 15 1 0.0031	
16 17 1 0.0031	
16 38 1 0.0031	
17 39 2 0.0157	
18 25 2 0.0331	
19 7 1 0.0028	
19 20 1 0.0084	
20 21 2 0.1766	
21 22 2 0.1866	
22 23 2 0.5215	
23 10 1 0.0033	
23 24 2 0.5313	
24 33 1 0.0033	
24 11 2 0.5411	
25 41 2 0.0417	
27 26 1 0.0041	
27 28 2 0.0285	
28 29 1 0.0051	
28 20 2 0.1101	
29 30 2 0.0247	
30 31 2 0.0422	
31 22 2 0.2497	
32 33 1 0.0032	
32 31 2 0.0488	
33 44 2 0.0193	
34 12 1 0.007	
34 45 1 0.0023	
35 46 1 0.0034	
35 36 2 0.6457	
36 47 2 0.6985	
37 15 2 0.0139	
38 49 2 0.0124	
39 50 1 0.0033	
39 40 2 0.0257	
40 41 1 0.0031	
40 51 2 0.0349	
41 52 2 0.0573	
42 29 1 0.0065	
43 32 1 0.0134	
44 43 2 0.0291	
45 46 2 0.0119		
46 47 2 0.0362	
47 48 2 0.7562	
48 37 1 0.0046	
48 49 2 0.8195	
49 50 2 0.8536		
50 51 2 0.8636	
51 52 2 0.9174	