Manholes 82
1 0 0 1000 0
2 100 0 1000 0
3 200 0 1000 0
4 300 0 1000 0
5 400 0 1000 0
6 500 0 1000 0
7 600 0 1000 0
8 700 0 1000 0
9 800 0 1000 0
10 0 100 1000 0
11 100 100 1000 0
12 200 100 1000 0
13 300 100 1000 0
14 400 100 1000 0
15 500 100 1000 0
16 600 100 1000 0
17 700 100 1000 0
18 800 100 1000 0
19 0 200 1000 0
20 100 200 1000 0
21 200 200 1000 0
22 300 200 1000 0
23 400 200 1000 0
24 500 200 1000 0
25 600 200 1000 0
26 700 200 1000 0
27 800 200 1000 0
28 0 300 1000 0
29 100 300 1000 0
30 200 300 1000 0
31 300 300 1000 0
32 400 300 1000 0
33 500 300 1000 0
34 600 300 1000 0
35 700 300 1000 0
36 800 300 1000 0
37 0 400 1000 0
38 100 400 1000 0
39 200 400 1000 0
40 300 400 1000 0
41 400 400 1000 0
42 500 400 1000 0
43 600 400 1000 0
44 700 400 1000 0
45 800 400 1000 0
46 0 500 1000 0
47 100 500 1000 0
48 200 500 1000 0
49 300 500 1000 0
50 400 500 1000 0
51 500 500 1000 0
52 600 500 1000 0
53 700 500 1000 0
54 800 500 1000 0
55 0 600 1000 0
56 100 600 1000 0
57 200 600 1000 0
58 300 600 1000 0
59 400 600 1000 0
60 500 600 1000 0
61 600 600 1000 0
62 700 600 1000 0
63 800 600 1000 0
64 0 700 1000 0
65 100 700 1000 0
66 200 700 1000 0
67 300 700 1000 0
68 400 700 1000 0
69 500 700 1000 0
70 600 700 1000 0
71 700 700 1000 0
72 800 700 1000 0
73 0 800 1000 0
74 100 800 1000 0
75 200 800 1000 0
76 300 800 1000 0
77 400 800 1000 0
78 500 800 1000 0
79 600 800 1000 0
80 700 800 1000 0
81 800 800 1000 0
82 900 800 1000 1
Sections 144
2 1 1 0.5901
3 2 1 0.5832
3 4 2 0.0012
4 5 1 0.0012
5 6 2 0.0012
7 6 1 0.0081
8 7 2 0.0012
9 8 2 0.0017
1 10 2 0.0006
11 2 2 0.0023
12 3 1 0.5797
4 13 2 0.0046
5 14 1 0.0046
6 15 1 0.0139
16 7 2 0.0023
8 17 1 0.0052
9 18 2 0.0006
10 11 1 0.0064
11 12 1 0.0156
13 12 1 0.0139
14 13 2 0.0023
15 14 1 0.0774
16 15 1 0.0520
17 16 1 0.0428
18 17 1 0.0098
19 10 2 0.0012
20 11 2 0.0023
21 12 1 0.5410
13 22 2 0.0023
14 23 1 0.0890
24 15 2 0.0023
25 16 2 0.0023
26 17 1 0.0185
27 18 2 0.0046
19 20 2 0.0023
20 21 1 0.0312
22 21 1 0.4670
23 22 1 0.1214
24 23 1 0.0208
25 24 1 0.0116
26 25 2 0.0023
27 26 1 0.0012
19 28 2 0.0012
29 20 1 0.0220
30 21 1 0.0335
31 22 1 0.3341
32 23 2 0.0023
33 24 2 0.0023
34 25 2 0.0023
35 26 1 0.0104
36 27 2 0.0012
28 29 1 0.0081
30 29 2 0.0023
31 30 2 0.0023
32 31 1 0.0254
33 32 1 0.0162
34 33 1 0.0116
35 34 2 0.0023
36 35 2 0.0012
37 28 2 0.0023
38 29 2 0.0023
39 30 1 0.0243
40 31 1 0.3017
41 32 2 0.0023
33 42 2 0.0023
43 34 2 0.0023
44 35 2 0.0023
36 45 2 0.0023
37 38 2 0.0012
38 39 1 0.0104
40 39 2 0.0023
41 40 1 0.1884
42 41 1 0.0162
43 42 2 0.0023
44 43 2 0.0058
45 44 2 0.0012
37 46 2 0.0012
47 38 2 0.0023
48 39 2 0.0023
49 40 1 0.1063
50 41 1 0.1653
51 42 2 0.0023
43 52 1 0.0104
44 53 1 0.0023
45 54 1 0.0058
46 47 1 0.0046
47 48 1 0.0485
48 49 1 0.0832
50 49 2 0.0023
51 50 1 0.1607
52 51 1 0.0474
53 52 1 0.0254
54 53 1 0.0116
46 55 2 0.0012
56 47 1 0.0370
57 48 1 0.0277
58 49 1 0.0116
50 59 2 0.0023
60 51 1 0.1063
61 52 2 0.0023
62 53 2 0.0023
63 54 1 0.0012
55 56 1 0.0133
56 57 2 0.0023
58 57 2 0.0023
59 58 2 0.0023
59 60 1 0.0116
61 60 1 0.0231
62 61 1 0.0139
63 62 2 0.0046
64 55 1 0.0075
65 56 1 0.0168
66 57 1 0.0139
67 58 2 0.0023
68 59 2 0.0023
69 60 1 0.0624
70 61 2 0.0023
71 62 2 0.0023
72 63 2 0.0012
65 64 2 0.0023
66 65 2 0.0023
67 66 2 0.0023
67 68 1 0.0092
68 69 1 0.0208
70 69 1 0.0312
71 70 1 0.0162
72 71 1 0.0052
73 64 2 0.0006
74 65 1 0.0075
75 66 2 0.0046
76 67 1 0.0046
77 68 1 0.0046
78 69 2 0.0012
79 70 1 0.0081
80 71 2 0.0040
81 72 2 0.0017
73 74 2 0.0017
75 74 1 0.0012
76 75 2 0.0012
77 76 2 0.0012
78 77 2 0.0012
78 79 2 0.0023
80 79 1 0.0012
81 80 2 0.0006
