Manholes 51
235 7375.0 1375.0 1.765718 0
361 8125.0 2125.0 9.5917228656 0
360 7875.0 2125.0 9.8448550288 0
359 7625.0 2125.0 5.8579292992 0
322 8625.0 1875.0 9.98557414559999 0
321 8375.0 1875.0 9.0395193168 0
320 8125.0 1875.0 7.3643128704 0
319 7875.0 1875.0 4.9107240832 0
316 7125.0 1875.0 2.0056675552 0
317 7375.0 1875.0 2.170794024 0
318 7625.0 1875.0 3.7497703968 0
282 8875.0 1625.0 12.5749679679999 0
281 8625.0 1625.0 9.98006078879999 0
280 8375.0 1625.0 5.9471760768 0
197 8125.0 1125.0 1.8141501776 0
238 8125.0 1375.0 2.1691901264 0
279 8125.0 1625.0 5.228147056 0
196 7875.0 1125.0 1.995950616 0
237 7875.0 1375.0 1.7943166368 0
278 7875.0 1625.0 3.1555652112 0
112 7375.0 625.0 1.7815404096 0
194 7375.0 1125.0 1.894858336 0
195 7625.0 1125.0 1.8493573232 0
234 7125.0 1375.0 2.1595040896 0
236 7625.0 1375.0 1.7753931776 0
275 7125.0 1625.0 2.3274102 0
276 7375.0 1625.0 1.8516353952 0
277 7625.0 1625.0 2.19092048 0
241 8875.0 1375.0 13.116026368 0
240 8625.0 1375.0 8.2696411872 0
155 7875.0 875.0 3.8607183392 0
156 8125.0 875.0 2.1364759088 0
157 8375.0 875.0 1.9968719872 0
198 8375.0 1125.0 2.3381283008 0
239 8375.0 1375.0 3.7605919328 0
159 8875.0 875.0 7.35319694083 0
200 8875.0 1125.0 11.1279674828 0
115 8125.0 625.0 3.4929839632 0
116 8375.0 625.0 2.3094678544 0
158 8625.0 875.0 3.2302081312 0
199 8625.0 1125.0 7.4167936912 0
114 7875.0 625.0 5.6987999616 0
74 8125.0 375.0 3.9177938512 0
75 8375.0 375.0 3.1622205072 0
73 7875.0 375.0 3.6688265536 0
113 7625.0 625.0 3.2090355712 0
153 7375.0 875.0 3.2829771872 0
154 7625.0 875.0 3.9349924704 0
33 8125.0 125.0 3.55803318301 0
34 8375.0 125.0 3.93457836875 0
357 7125.0 2125.0 1.985057664 1
Sections 50
33 75 1 0.000449758680555552
34 75 1 0.000859341440052638
73 113 1 0.00132201793981481
74 116 1 0.00419774768518515
75 116 2 0.0036124097259744303
112 235 2 0.012187478876210142
113 112 2 0.00376161805555555
114 156 1 0.00501037403126582
115 157 2 0.0309652557548199
116 157 2 0.01270400760262327
153 112 1 0.0015849882920206835
154 112 1 0.00684087252863391
155 197 1 0.00442991671581684
156 197 2 0.01455542211078864
157 197 2 0.05619125457087648
158 157 2 0.002689690782328127
159 158 1 0.000370892812959789
194 235 1 0.00224533994286212
195 235 1 0.0134075262024036
196 236 1 0.00108980596073376
197 237 2 0.1178023571592348
198 197 2 0.03222207292535506
199 157 2 0.00567299527036403
200 158 1 0.00159459895833333
234 235 1 0.000694155946724378
235 357 2 0.22272418780824715
236 235 2 0.15046829871778056
237 236 2 0.13911422333872486
238 237 2 0.01081443290397637
239 197 2 0.00774918760574895
240 198 2 0.02526836152736549
241 199 1 0.00282121354166667
275 235 1 0.00139016319444444
276 235 2 0.02152110330003796
277 235 2 0.018394579028491138
278 236 2 0.00766648012726091
279 237 2 0.0075148134487918496
280 238 2 0.00673934667712452
281 239 1 0.00194169360349759
282 240 1 0.021683921133847
316 276 1 0.00194895428240741
317 276 2 0.00778218807870364
318 276 2 0.008150172453703669
319 277 2 0.01598149267221577
320 278 1 0.00507056648592085
321 279 1 0.00311262999971778
322 280 1 0.00256885709379122
359 317 1 0.00433403819444441
360 318 1 0.0041159733796296
361 319 1 0.0115111639685121
